Test_Img_Edited.png:204; proportion: 0.0020889653477512904
TestImg2_Edited.png:121; proportion: 0.0012519140835161196
Diverse_Img_Edited.png:22845; proportion: 0.007262229919433594Test3_Edited.png:1425061; proportion: 0.11687756217456119TestImg2_Edited.png:121; proportion: 0.0012519140835161196TestImg2_Edited.png:121; proportion: 0.12519140835161197